xof 0303txt 0032
template KeyValuePair {
 <26e6b1c3-3d4d-4a1d-a437-b33668ffa1c2>
 STRING key;
 STRING value;
}

template Frame {
 <3d82ab46-62da-11cf-ab39-0020af71e433>
 [...]
}

template Matrix4x4 {
 <f6f23f45-7686-11cf-8f52-0040333594a3>
 array FLOAT matrix[16];
}

template FrameTransformMatrix {
 <f6f23f41-7686-11cf-8f52-0040333594a3>
 Matrix4x4 frameMatrix;
}

template ObjectMatrixComment {
 <95a48e28-7ef4-4419-a16a-ba9dbdf0d2bc>
 Matrix4x4 objectMatrix;
}

template Vector {
 <3d82ab5e-62da-11cf-ab39-0020af71e433>
 FLOAT x;
 FLOAT y;
 FLOAT z;
}

template MeshFace {
 <3d82ab5f-62da-11cf-ab39-0020af71e433>
 DWORD nFaceVertexIndices;
 array DWORD faceVertexIndices[nFaceVertexIndices];
}

template Mesh {
 <3d82ab44-62da-11cf-ab39-0020af71e433>
 DWORD nVertices;
 array Vector vertices[nVertices];
 DWORD nFaces;
 array MeshFace faces[nFaces];
 [...]
}

template Coords2d {
 <f6f23f44-7686-11cf-8f52-0040333594a3>
 FLOAT u;
 FLOAT v;
}

template MeshTextureCoords {
 <f6f23f40-7686-11cf-8f52-0040333594a3>
 DWORD nTextureCoords;
 array Coords2d textureCoords[nTextureCoords];
}

template XSkinMeshHeader {
 <3cf169ce-ff7c-44ab-93c0-f78f62d172e2>
 WORD nMaxSkinWeightsPerVertex;
 WORD nMaxSkinWeightsPerFace;
 WORD nBones;
}

template SkinWeights {
 <6f0d123b-bad2-4167-a0d0-80224f25fabb>
 STRING transformNodeName;
 DWORD nWeights;
 array DWORD vertexIndices[nWeights];
 array FLOAT weights[nWeights];
 Matrix4x4 matrixOffset;
}


KeyValuePair {
 "Date";
 "2008-09-24 16:18:45";
}

KeyValuePair {
 "File";
 "C:\\Projects\\HeavyGearResources\\Models\\Units\\Hunter\\hunterOverhead.max";
}

KeyValuePair {
 "User";
 "Justin";
}

KeyValuePair {
 "CoreTime";
 "0";
}

Frame Bip01 {
 

 FrameTransformMatrix relative {
  0.000000,0.000000,-1.000000,0.000000,0.000000,1.000000,0.000000,0.000000,1.000000,0.000000,0.000000,0.000000,0.104252,67.074532,0.000004,1.000000;;
 }

 ObjectMatrixComment object {
  0.709360,0.000000,0.000000,0.000000,0.000000,0.709360,0.000000,0.000000,0.000000,0.000000,0.709360,0.000000,0.000000,0.000000,0.000000,1.000000;;
 }

 Frame Bip01_Pelvis {
  

  FrameTransformMatrix relative {
   0.000000,1.000000,-0.000001,0.000000,-0.000001,0.000001,1.000000,0.000000,1.000000,0.000000,0.000001,0.000000,0.000000,0.000000,0.000000,1.000000;;
  }

  ObjectMatrixComment object {
   15.068988,-0.000000,0.000000,0.000000,-0.000000,28.374405,0.000000,0.000000,0.000000,0.000000,15.068988,0.000000,-0.000000,0.000000,0.000000,1.000000;;
  }

  Frame Bip01_Spine {
   

   FrameTransformMatrix relative {
    1.000000,0.000791,0.000051,0.000000,-0.000792,0.999727,0.023357,0.000000,-0.000032,-0.023357,0.999727,0.000000,6.931732,0.000029,-0.000808,1.000000;;
   }

   ObjectMatrixComment object {
    1.018529,0.000000,0.000000,0.000000,0.000000,1.018529,-0.000000,0.000000,0.000000,0.000000,1.018529,0.000000,-0.000000,-0.000000,0.000000,1.000000;;
   }

   Frame Bip01_L_Thigh {
    

    FrameTransformMatrix relative {
     -0.989780,0.137272,-0.038628,0.000000,-0.138578,-0.989787,0.033446,0.000000,-0.033642,0.038458,0.998694,0.000000,-6.920532,14.188809,-0.330317,1.000000;;
    }

    ObjectMatrixComment object {
     15.779266,-0.000000,0.000000,0.000000,-0.000000,30.137974,0.000000,0.000000,0.000000,0.000000,30.137974,0.000000,0.000008,-0.000002,-0.000000,1.000000;;
    }

    Frame Bip01_L_Calf {
     

     FrameTransformMatrix relative {
      0.999995,-0.000000,-0.003177,0.000000,-0.000000,1.000000,0.000000,0.000000,0.003177,-0.000000,0.999995,0.000000,15.779277,-0.000001,-0.000000,1.000000;;
     }

     ObjectMatrixComment object {
      35.399162,0.000000,-0.000000,0.000000,-0.000000,30.137978,0.000000,0.000000,0.000000,0.000000,30.137978,0.000000,0.000001,0.000003,0.000000,1.000000;;
     }

     Frame Bip01_L_Foot {
      

      FrameTransformMatrix relative {
       0.989775,0.137797,0.036836,0.000000,-0.137307,0.990407,-0.015530,0.000000,-0.038623,0.010313,0.999201,0.000000,35.399158,-0.000001,-0.000000,1.000000;;
      }

      ObjectMatrixComment object {
       14.713902,0.000000,0.000000,0.000000,-0.000000,20.931257,-0.000000,0.000000,0.000000,0.000000,42.852074,0.000000,0.000000,0.000000,0.000000,1.000000;;
      }

      Frame Bip01_L_Toe0 {
       

       FrameTransformMatrix relative {
        0.000000,0.000000,1.000000,0.000000,0.000000,1.000000,-0.000000,0.000000,-1.000000,0.000000,0.000000,0.000000,14.713903,0.000001,34.281658,1.000000;;
       }

       ObjectMatrixComment object {
        5.152605,0.000000,-0.000000,0.000000,0.000000,6.782852,-0.000000,0.000000,0.000000,-0.000000,6.673408,0.000000,0.000000,-0.000001,-0.000000,1.000000;;
       }

       Frame Bip01_L_Toe0Nub {
        

        FrameTransformMatrix relative {
         1.000000,0.000000,0.000000,0.000000,0.000000,-1.000000,0.000000,0.000000,0.000000,-0.000000,1.000000,0.000000,5.152603,-0.000001,-0.000000,1.000000;;
        }

        ObjectMatrixComment object {
         0.858768,0.000000,-0.000000,0.000000,-0.000000,1.695713,0.000000,0.000000,0.000000,0.000000,1.668352,0.000000,0.000000,-0.000001,-0.000000,1.000000;;
        }
       }
      }
     }
    }
   }

   Frame Bip01_R_Thigh {
    

    FrameTransformMatrix relative {
     -0.993690,-0.109913,0.022327,0.000000,0.111913,-0.984827,0.132633,0.000000,0.007410,0.134295,0.990914,0.000000,-6.942940,-14.177848,0.332386,1.000000;;
    }

    ObjectMatrixComment object {
     15.575917,0.000000,0.000000,0.000000,0.000000,30.137974,0.000000,0.000000,0.000000,0.000000,30.137976,0.000000,0.000015,-0.000000,0.000000,1.000000;;
    }

    Frame Bip01_R_Calf {
     

     FrameTransformMatrix relative {
      0.992591,0.000000,-0.121499,0.000000,0.000000,1.000000,0.000000,0.000000,0.121499,-0.000000,0.992591,0.000000,15.575929,-0.000002,0.000000,1.000000;;
     }

     ObjectMatrixComment object {
      35.882458,0.000000,0.000000,0.000000,0.000000,30.137978,0.000000,0.000000,0.000000,0.000000,30.137978,0.000000,0.000002,0.000000,0.000000,1.000000;;
     }

     Frame Bip01_R_Foot {
      

      FrameTransformMatrix relative {
       0.988385,-0.112394,0.102292,0.000000,0.121951,0.988214,-0.092527,0.000000,-0.090687,0.103927,0.990442,0.000000,35.882454,0.000001,0.000000,1.000000;;
      }

      ObjectMatrixComment object {
       14.210207,0.000000,-0.000000,0.000000,-0.000000,22.011885,-0.000000,0.000000,0.000000,0.000000,42.859837,0.000000,-0.000002,0.000001,0.000000,1.000000;;
      }

      Frame Bip01_R_Toe0 {
       

       FrameTransformMatrix relative {
        -0.013868,0.000016,0.999904,0.000000,-0.000048,1.000000,-0.000017,0.000000,-0.999904,-0.000048,-0.013868,0.000000,14.210205,0.000002,34.287872,1.000000;;
       }

       ObjectMatrixComment object {
        5.256302,0.000000,-0.000000,0.000000,0.000000,6.439202,0.000000,0.000000,0.000000,-0.000000,6.553313,0.000000,0.000002,0.000001,-0.000000,1.000000;;
       }

       Frame Bip01_R_Toe0Nub {
        

        FrameTransformMatrix relative {
         1.000000,0.000000,-0.000000,0.000000,0.000000,1.000000,0.000000,0.000000,0.000000,-0.000000,1.000000,0.000000,5.256304,-0.000001,-0.000000,1.000000;;
        }

        ObjectMatrixComment object {
         0.876050,0.000000,-0.000000,0.000000,0.000000,1.609801,0.000000,0.000000,0.000000,-0.000000,1.638328,0.000000,0.000000,-0.000001,-0.000000,1.000000;;
        }
       }
      }
     }
    }
   }

   Frame Bip01_Neck {
    

    FrameTransformMatrix relative {
     1.000000,0.000000,-0.000000,0.000000,-0.000000,1.000000,-0.000000,0.000000,0.000000,0.000000,1.000000,0.000000,31.485802,0.642145,-0.027860,1.000000;;
    }

    ObjectMatrixComment object {
     4.520694,0.000000,0.000000,0.000000,0.000000,7.835875,-0.000000,0.000000,0.000000,0.000000,7.835875,0.000000,-0.000001,0.000000,0.000000,1.000000;;
    }

    Frame Bip01_Head {
     

     FrameTransformMatrix relative {
      0.999245,0.033720,-0.019314,0.000000,-0.031281,0.992867,0.115055,0.000000,0.023056,-0.114364,0.993171,0.000000,4.520690,0.000000,0.000000,1.000000;;
     }

     ObjectMatrixComment object {
      14.164846,-0.000000,0.000000,0.000000,-0.000000,13.110021,0.000000,0.000000,0.000000,-0.000000,14.164847,0.000000,0.000005,0.000000,-0.000000,1.000000;;
     }

     Frame Bip01_HeadNub {
      

      FrameTransformMatrix relative {
       1.000000,0.000000,0.000000,0.000000,0.000000,1.000000,0.000000,0.000000,0.000000,0.000000,1.000000,0.000000,14.164857,-0.000000,0.000000,1.000000;;
      }

      ObjectMatrixComment object {
       1.638753,-0.000000,0.000000,0.000000,-0.000000,1.638753,0.000000,0.000000,0.000000,-0.000000,1.638753,0.000000,0.000000,0.000000,0.000000,1.000000;;
      }
     }
    }
   }

   Frame Bip01_R_Clavicle {
    

    FrameTransformMatrix relative {
     0.000000,-1.000000,0.000003,0.000000,-1.000000,-0.000000,0.000796,0.000000,-0.000796,-0.000003,-1.000000,0.000000,22.694643,-26.203526,-0.101273,1.000000;;
    }

    ObjectMatrixComment object {
     7.835876,0.000000,0.000000,0.000000,-0.000000,15.068990,0.000000,0.000000,0.000000,-0.000000,19.589684,0.000000,0.000001,-0.000005,0.000000,1.000000;;
    }

    Frame Bip01_R_UpperArm {
     

     FrameTransformMatrix relative {
      -0.179318,0.784553,-0.593567,0.000000,-0.940187,0.040971,0.338187,0.000000,0.289645,0.618707,0.730279,0.000000,7.835876,-0.000012,0.000000,1.000000;;
     }

     ObjectMatrixComment object {
      18.852390,0.000000,0.000001,0.000000,0.000000,18.082775,0.000000,0.000000,0.000000,-0.000000,18.082777,0.000000,-0.000006,-0.000001,-0.000002,1.000000;;
     }

     Frame Bip01_R_Forearm {
      

      FrameTransformMatrix relative {
       0.658678,0.000000,-0.752425,0.000000,0.000000,1.000000,0.000000,0.000000,0.752425,0.000000,0.658678,0.000000,18.852386,-0.000001,-0.000005,1.000000;;
      }

      ObjectMatrixComment object {
       22.945286,0.000000,0.000000,0.000000,0.000000,18.082775,-0.000000,0.000000,0.000000,-0.000000,18.082777,0.000000,0.000000,-0.000001,-0.000001,1.000000;;
      }

      Frame Bip01_R_Hand {
       

       FrameTransformMatrix relative {
        0.375836,0.925834,0.039740,0.000000,0.164127,-0.024298,-0.986140,0.000000,-0.912036,0.377149,-0.161086,0.000000,22.945288,0.000001,0.000011,1.000000;;
       }

       ObjectMatrixComment object {
        6.102666,-0.000000,-0.000000,0.000000,-0.000000,6.870066,0.000000,0.000000,0.000000,0.000000,7.534494,0.000000,-0.000000,0.000002,0.000000,1.000000;;
       }

       Frame Bip01_R_Finger0 {
        

        FrameTransformMatrix relative {
         0.000952,-0.106861,0.994274,0.000000,0.049069,-0.993071,-0.106779,0.000000,0.998795,0.048890,0.004298,0.000000,2.360495,3.415150,-0.038151,1.000000;;
        }

        ObjectMatrixComment object {
         2.540787,-0.000000,-0.000000,0.000000,0.000000,1.883623,0.000000,0.000000,0.000000,-0.000000,1.883623,0.000000,0.000000,-0.000005,-0.000001,1.000000;;
        }

        Frame Bip01_R_Finger01 {
         

         FrameTransformMatrix relative {
          0.533511,0.000000,0.845793,0.000000,0.000000,1.000000,-0.000000,0.000000,-0.845793,0.000000,0.533511,0.000000,2.540792,-0.000007,-0.000005,1.000000;;
         }

         ObjectMatrixComment object {
          2.469404,0.000000,-0.000000,0.000000,0.000000,1.883624,0.000000,0.000000,-0.000000,0.000000,1.883624,0.000000,-0.000001,0.000000,0.000000,1.000000;;
         }

         Frame Bip01_R_Finger0Nub {
          

          FrameTransformMatrix relative {
           1.000000,0.000000,-0.000000,0.000000,0.000000,-1.000000,0.000000,0.000000,-0.000000,0.000000,1.000000,0.000000,2.469403,0.000004,0.000002,1.000000;;
          }

          ObjectMatrixComment object {
           0.411567,-0.000000,-0.000000,0.000000,0.000000,0.470906,0.000000,0.000000,-0.000000,-0.000000,0.470906,0.000000,0.000001,-0.000012,0.000002,1.000000;;
          }
         }
        }
       }

       Frame Bip01_R_Finger1 {
        

        FrameTransformMatrix relative {
         0.964153,0.065908,0.257032,0.000000,-0.070188,0.997506,0.007500,0.000000,-0.255897,-0.025272,0.966374,0.000000,6.078595,2.317038,0.339417,1.000000;;
        }

        ObjectMatrixComment object {
         2.787934,0.000000,0.000000,0.000000,0.000000,2.260347,0.000000,0.000000,0.000000,-0.000000,2.260347,0.000000,-0.000002,0.000005,0.000002,1.000000;;
        }

        Frame Bip01_R_Finger11 {
         

         FrameTransformMatrix relative {
          0.059153,-0.000000,0.998249,0.000000,0.000000,1.000000,0.000000,0.000000,-0.998249,0.000000,0.059153,0.000000,2.787928,-0.000002,-0.000004,1.000000;;
         }

         ObjectMatrixComment object {
          2.712592,-0.000000,0.000000,0.000000,0.000000,2.260347,-0.000000,0.000000,-0.000000,0.000000,2.260347,0.000000,-0.000002,-0.000003,0.000001,1.000000;;
         }

         Frame Bip01_R_Finger1Nub {
          

          FrameTransformMatrix relative {
           1.000000,0.000000,0.000000,0.000000,0.000000,-1.000000,-0.000000,0.000000,-0.000000,-0.000000,1.000000,0.000000,2.712591,0.000004,0.000001,1.000000;;
          }

          ObjectMatrixComment object {
           0.452099,0.000000,0.000000,0.000000,-0.000000,0.565087,0.000000,0.000000,-0.000000,-0.000000,0.565087,0.000000,0.000002,-0.000004,0.000001,1.000000;;
          }
         }
        }
       }

       Frame Bip01_R_Finger2 {
        

        FrameTransformMatrix relative {
         0.649687,0.042819,0.758995,0.000000,-0.068118,0.997675,0.002024,0.000000,-0.757144,-0.053016,0.651093,0.000000,6.120063,0.576667,0.360977,1.000000;;
        }

        ObjectMatrixComment object {
         3.139617,0.000000,0.000000,0.000000,0.000000,2.637073,-0.000000,0.000000,0.000000,-0.000000,2.637073,0.000000,0.000002,0.000006,-0.000002,1.000000;;
        }

        Frame Bip01_R_Finger21 {
         

         FrameTransformMatrix relative {
          -0.079902,-0.000000,0.996803,0.000000,0.000000,1.000000,0.000000,0.000000,-0.996803,0.000000,-0.079903,0.000000,3.139618,0.000001,-0.000004,1.000000;;
         }

         ObjectMatrixComment object {
          2.812212,0.000000,0.000000,0.000000,0.000000,2.637073,0.000000,0.000000,0.000000,-0.000000,2.637074,0.000000,0.000000,0.000008,0.000002,1.000000;;
         }

         Frame Bip01_R_Finger2Nub {
          

          FrameTransformMatrix relative {
           1.000000,0.000000,-0.000000,0.000000,0.000000,-1.000000,-0.000000,0.000000,0.000000,-0.000000,1.000000,0.000000,2.812212,0.000008,0.000002,1.000000;;
          }

          ObjectMatrixComment object {
           0.468702,0.000000,-0.000000,0.000000,0.000000,0.659268,0.000000,0.000000,0.000000,0.000000,0.659268,0.000000,0.000000,0.000000,0.000002,1.000000;;
          }
         }
        }
       }

       Frame Bip01_R_Finger3 {
        

        FrameTransformMatrix relative {
         0.448327,0.032951,0.893262,0.000000,-0.067071,0.997743,-0.003142,0.000000,-0.891350,-0.058504,0.449525,0.000000,6.175326,-1.134998,0.366055,1.000000;;
        }

        ObjectMatrixComment object {
         2.633845,0.000000,0.000000,0.000000,0.000000,2.260347,0.000000,0.000000,0.000000,0.000000,2.260347,0.000000,-0.000004,-0.000000,-0.000002,1.000000;;
        }

        Frame Bip01_R_Finger31 {
         

         FrameTransformMatrix relative {
          -0.027688,0.000000,0.999617,0.000000,-0.000000,1.000000,-0.000000,0.000000,-0.999617,0.000000,-0.027688,0.000000,2.633844,-0.000004,-0.000003,1.000000;;
         }

         ObjectMatrixComment object {
          2.196386,0.000000,0.000000,0.000000,0.000000,2.260347,-0.000000,0.000000,0.000000,0.000000,2.260347,0.000000,-0.000002,-0.000005,-0.000002,1.000000;;
         }

         Frame Bip01_R_Finger3Nub {
          

          FrameTransformMatrix relative {
           1.000000,0.000000,0.000000,0.000000,0.000000,-1.000000,0.000000,0.000000,-0.000000,0.000000,1.000000,0.000000,2.196386,0.000006,-0.000006,1.000000;;
          }

          ObjectMatrixComment object {
           0.366064,-0.000000,-0.000000,0.000000,0.000000,0.565087,0.000000,0.000000,0.000000,-0.000000,0.565087,0.000000,0.000001,-0.000006,-0.000002,1.000000;;
          }
         }
        }
       }

       Frame Bip01_R_Finger4 {
        

        FrameTransformMatrix relative {
         -0.055098,-0.000540,0.998481,0.000000,-0.067091,0.997742,-0.003163,0.000000,-0.996225,-0.067163,-0.055010,0.000000,6.172397,-2.390651,0.398619,1.000000;;
        }

        ObjectMatrixComment object {
         2.169610,0.000000,-0.000000,0.000000,0.000000,1.883624,0.000000,0.000000,0.000000,0.000000,1.883624,0.000000,0.000000,-0.000006,0.000002,1.000000;;
        }

        Frame Bip01_R_Finger41 {
         

         FrameTransformMatrix relative {
          0.437496,-0.000000,0.899221,0.000000,0.000000,1.000000,0.000000,0.000000,-0.899221,0.000000,0.437496,0.000000,2.169611,-0.000006,0.000002,1.000000;;
         }

         ObjectMatrixComment object {
          2.113770,-0.000000,-0.000000,0.000000,0.000000,1.883624,0.000000,0.000000,-0.000000,0.000000,1.883624,0.000000,-0.000001,0.000001,-0.000002,1.000000;;
         }

         Frame Bip01_R_Finger4Nub {
          

          FrameTransformMatrix relative {
           1.000000,0.000000,-0.000000,0.000000,0.000000,-1.000000,0.000000,0.000000,-0.000000,-0.000000,1.000000,0.000000,2.113770,0.000009,0.000000,1.000000;;
          }

          ObjectMatrixComment object {
           0.352295,0.000000,0.000000,0.000000,0.000000,0.470906,0.000000,0.000000,-0.000000,0.000000,0.470906,0.000000,-0.000002,-0.000009,0.000000,1.000000;;
          }
         }
        }
       }

       Frame Rifle_Bone {
        

        FrameTransformMatrix relative {
         0.997122,0.075064,0.010638,0.000000,0.009740,0.012313,-0.999877,0.000000,-0.075186,0.997103,0.011547,0.000000,4.003749,10.692600,2.698198,1.000000;;
        }

        ObjectMatrixComment object {
         1.000000,0.000000,-0.000000,0.000000,-0.000000,1.000000,-0.000000,0.000000,0.000000,0.000000,1.000000,0.000000,0.000001,0.000000,-0.000004,1.000000;;
        }

        Frame Bone05 {
         

         FrameTransformMatrix relative {
          1.000000,0.000000,-0.000000,0.000000,-0.000000,1.000000,-0.000000,0.000000,0.000000,0.000000,1.000000,0.000000,38.233780,0.000000,0.000002,1.000000;;
         }

         ObjectMatrixComment object {
          1.000000,0.000000,-0.000000,0.000000,-0.000000,1.000000,-0.000000,0.000000,0.000000,0.000000,1.000000,0.000000,-0.000002,0.000000,0.000010,1.000000;;
         }
        }
       }
      }
     }
    }

    Frame R_Shoulder {
     

     FrameTransformMatrix relative {
      1.000000,0.000000,0.000002,0.000000,0.000002,-0.500001,-0.866025,0.000000,0.000001,0.866025,-0.500001,0.000000,4.099820,-0.677393,-0.181581,1.000000;;
     }

     ObjectMatrixComment object {
      1.000000,-0.000000,0.000000,0.000000,0.000000,1.000000,0.000000,0.000000,0.000000,0.000000,1.000000,0.000000,-0.000002,-0.000003,-0.000005,1.000000;;
     }

     Frame R_Shoulder_Nub {
      

      FrameTransformMatrix relative {
       1.000000,0.000000,0.000000,0.000000,0.000000,1.000000,0.000000,0.000000,-0.000000,0.000000,1.000000,0.000000,9.083905,-0.000005,-0.000008,1.000000;;
      }

      ObjectMatrixComment object {
       1.000000,0.000000,0.000000,0.000000,0.000000,1.000000,-0.000000,0.000000,0.000000,0.000000,1.000000,0.000000,0.000004,-0.000005,-0.000001,1.000000;;
      }
     }
    }
   }

   Frame Bip01_L_Clavicle {
    

    FrameTransformMatrix relative {
     -0.000000,1.000000,-0.000003,0.000000,1.000000,0.000000,-0.000796,0.000000,-0.000796,-0.000003,-1.000000,0.000000,25.075026,22.906046,-0.103992,1.000000;;
    }

    ObjectMatrixComment object {
     7.835876,0.000000,0.000000,0.000000,-0.000000,15.068990,-0.000000,0.000000,0.000000,0.000000,19.589684,0.000000,0.000002,-0.000009,0.000000,1.000000;;
    }

    Frame Bip01_L_UpperArm {
     

     FrameTransformMatrix relative {
      -0.436886,-0.735357,-0.518054,0.000000,0.897162,-0.314573,-0.310072,0.000000,0.065047,-0.600245,0.797167,0.000000,7.835877,-0.000000,0.000000,1.000000;;
     }

     ObjectMatrixComment object {
      18.082775,-0.000000,-0.000000,0.000000,0.000000,18.082777,-0.000000,0.000000,-0.000000,0.000000,18.082777,0.000000,0.000000,0.000002,-0.000002,1.000000;;
     }

     Frame Bip01_L_Forearm {
      

      FrameTransformMatrix relative {
       0.697909,0.000000,-0.716187,0.000000,0.000000,1.000000,-0.000000,0.000000,0.716187,0.000000,0.697909,0.000000,18.082775,0.000003,-0.000002,1.000000;;
      }

      ObjectMatrixComment object {
       23.134674,0.000000,0.000000,0.000000,0.000000,18.082777,0.000000,0.000000,0.000000,0.000000,18.082779,0.000000,-0.000002,-0.000001,-0.000002,1.000000;;
      }

      Frame Bip01_L_Hand {
       

       FrameTransformMatrix relative {
        0.901002,0.299307,-0.314024,0.000000,0.391786,-0.872236,0.292758,0.000000,-0.186278,-0.386806,-0.903151,0.000000,23.134670,-0.000002,-0.000007,1.000000;;
       }

       ObjectMatrixComment object {
        6.032381,0.000000,-0.000000,0.000000,0.000000,6.714765,0.000000,0.000000,-0.000000,-0.000000,7.534493,0.000000,-0.000006,-0.000002,-0.000010,1.000000;;
       }

       Frame Bip01_L_Finger0 {
        

        FrameTransformMatrix relative {
         0.128703,-0.055670,0.990119,0.000000,-0.023057,-0.998321,-0.053134,0.000000,0.991415,-0.015991,-0.129771,0.000000,2.502865,-3.704991,0.325465,1.000000;;
        }

        ObjectMatrixComment object {
         2.729421,0.000000,-0.000000,0.000000,-0.000000,1.883624,0.000000,0.000000,0.000000,0.000000,1.883624,0.000000,0.000005,-0.000002,0.000004,1.000000;;
        }

        Frame Bip01_L_Finger01 {
         

         FrameTransformMatrix relative {
          1.000000,0.000000,0.000934,0.000000,0.000000,1.000000,0.000000,0.000000,-0.000934,0.000000,1.000000,0.000000,2.729436,-0.000002,0.000000,1.000000;;
         }

         ObjectMatrixComment object {
          2.371965,0.000000,0.000000,0.000000,-0.000000,1.883624,-0.000000,0.000000,-0.000000,0.000000,1.883624,0.000000,0.000004,0.000000,-0.000008,1.000000;;
         }

         Frame Bip01_L_Finger0Nub {
          

          FrameTransformMatrix relative {
           1.000000,0.000000,-0.000000,0.000000,0.000000,1.000000,0.000000,0.000000,-0.000000,0.000000,1.000000,0.000000,2.371963,0.000001,-0.000004,1.000000;;
          }

          ObjectMatrixComment object {
           0.395327,0.000000,0.000000,0.000000,-0.000000,0.470906,-0.000000,0.000000,-0.000000,0.000000,0.470906,0.000000,-0.000001,0.000000,0.000000,1.000000;;
          }
         }
        }
       }

       Frame Bip01_L_Finger1 {
        

        FrameTransformMatrix relative {
         0.258819,-0.000769,0.965925,0.000000,0.000000,1.000000,0.000796,0.000000,-0.965926,-0.000206,0.258819,0.000000,6.053413,-2.502349,-0.009885,1.000000;;
        }

        ObjectMatrixComment object {
         2.693905,0.000000,-0.000000,0.000000,0.000000,2.260347,0.000000,0.000000,0.000000,0.000000,2.260347,0.000000,-0.000009,-0.000000,0.000000,1.000000;;
        }

        Frame Bip01_L_Finger11 {
         

         FrameTransformMatrix relative {
          1.000000,0.000000,0.000934,0.000000,-0.000000,1.000000,-0.000000,0.000000,-0.000934,0.000000,1.000000,0.000000,2.693896,-0.000001,0.000004,1.000000;;
         }

         ObjectMatrixComment object {
          2.847206,-0.000000,0.000000,0.000000,0.000000,2.260347,0.000000,0.000000,0.000000,0.000000,2.260347,0.000000,-0.000012,-0.000001,-0.000004,1.000000;;
         }

         Frame Bip01_L_Finger1Nub {
          

          FrameTransformMatrix relative {
           1.000000,-0.000000,0.000000,0.000000,0.000000,1.000000,0.000000,0.000000,0.000000,0.000000,1.000000,0.000000,2.847192,0.000000,0.000000,1.000000;;
          }

          ObjectMatrixComment object {
           0.474534,-0.000000,0.000000,0.000000,0.000000,0.565087,0.000000,0.000000,0.000000,0.000000,0.565087,0.000000,-0.000006,0.000002,0.000000,1.000000;;
          }
         }
        }
       }

       Frame Bip01_L_Finger2 {
        

        FrameTransformMatrix relative {
         0.342014,-0.000751,0.939694,0.000000,0.000003,1.000000,0.000798,0.000000,-0.939695,-0.000270,0.342014,0.000000,6.032372,-0.671478,-0.000543,1.000000;;
        }

        ObjectMatrixComment object {
         3.114443,-0.000000,0.000000,0.000000,-0.000000,2.637074,0.000000,0.000000,0.000000,0.000000,2.637074,0.000000,0.000004,0.000000,-0.000004,1.000000;;
        }

        Frame Bip01_L_Finger21 {
         

         FrameTransformMatrix relative {
          1.000000,0.000000,0.000934,0.000000,-0.000000,1.000000,0.000000,0.000000,-0.000934,0.000000,1.000000,0.000000,3.114442,0.000000,0.000000,1.000000;;
         }

         ObjectMatrixComment object {
          2.812057,0.000000,0.000000,0.000000,0.000000,2.637074,0.000000,0.000000,0.000000,0.000000,2.637074,0.000000,0.000006,0.000001,-0.000004,1.000000;;
         }

         Frame Bip01_L_Finger2Nub {
          

          FrameTransformMatrix relative {
           1.000000,0.000000,0.000000,0.000000,-0.000000,1.000000,0.000000,0.000000,0.000000,0.000000,1.000000,0.000000,2.812061,-0.000001,0.000000,1.000000;;
          }

          ObjectMatrixComment object {
           0.468676,0.000000,0.000000,0.000000,0.000000,0.659268,0.000000,0.000000,0.000000,0.000000,0.659268,0.000000,0.000004,-0.000001,0.000004,1.000000;;
          }
         }
        }
       }

       Frame Bip01_L_Finger3 {
        

        FrameTransformMatrix relative {
         0.354415,-0.000754,0.935088,0.000000,0.000009,1.000000,0.000803,0.000000,-0.935088,-0.000276,0.354415,0.000000,6.033401,0.876001,0.002619,1.000000;;
        }

        ObjectMatrixComment object {
         2.693965,0.000000,0.000000,0.000000,-0.000000,2.260347,-0.000000,0.000000,0.000000,0.000000,2.260347,0.000000,-0.000006,-0.000001,-0.000004,1.000000;;
        }

        Frame Bip01_L_Finger31 {
         

         FrameTransformMatrix relative {
          1.000000,-0.000000,0.000934,0.000000,-0.000000,1.000000,-0.000000,0.000000,-0.000934,0.000000,1.000000,0.000000,2.693954,-0.000000,0.000000,1.000000;;
         }

         ObjectMatrixComment object {
          2.116092,-0.000000,0.000000,0.000000,0.000000,2.260347,-0.000000,0.000000,0.000000,-0.000000,2.260347,0.000000,-0.000009,0.000000,0.000000,1.000000;;
         }

         Frame Bip01_L_Finger3Nub {
          

          FrameTransformMatrix relative {
           1.000000,0.000000,0.000000,0.000000,0.000000,1.000000,0.000000,0.000000,0.000000,-0.000000,1.000000,0.000000,2.116087,0.000000,0.000000,1.000000;;
          }

          ObjectMatrixComment object {
           0.352682,-0.000000,0.000000,0.000000,0.000000,0.565087,-0.000000,0.000000,0.000000,-0.000000,0.565087,0.000000,-0.000010,0.000000,0.000000,1.000000;;
          }
         }
        }
       }

       Frame Bip01_L_Finger4 {
        

        FrameTransformMatrix relative {
         0.341991,-0.000763,0.939703,0.000000,0.000014,1.000000,0.000806,0.000000,-0.939703,-0.000262,0.341991,0.000000,6.051416,2.168174,0.000614,1.000000;;
        }

        ObjectMatrixComment object {
         2.191358,0.000000,-0.000000,0.000000,-0.000000,1.883624,0.000000,0.000000,0.000000,0.000000,1.883623,0.000000,-0.000003,0.000000,0.000000,1.000000;;
        }

        Frame Bip01_L_Finger41 {
         

         FrameTransformMatrix relative {
          1.000000,-0.000000,0.000934,0.000000,0.000000,1.000000,0.000000,0.000000,-0.000934,0.000000,1.000000,0.000000,2.191359,0.000000,0.000000,1.000000;;
         }

         ObjectMatrixComment object {
          2.009976,0.000000,0.000000,0.000000,-0.000000,1.883624,0.000000,0.000000,0.000000,-0.000000,1.883623,0.000000,-0.000005,-0.000001,0.000000,1.000000;;
         }

         Frame Bip01_L_Finger4Nub {
          

          FrameTransformMatrix relative {
           1.000000,-0.000000,-0.000000,0.000000,0.000000,1.000000,0.000000,0.000000,0.000000,0.000000,1.000000,0.000000,2.009979,-0.000000,-0.000004,1.000000;;
          }

          ObjectMatrixComment object {
           0.334996,0.000000,0.000000,0.000000,-0.000000,0.470906,0.000000,0.000000,0.000000,-0.000000,0.470906,0.000000,0.000008,0.000000,0.000000,1.000000;;
          }
         }
        }
       }
      }
     }
    }

    Frame L_Shoulder {
     

     FrameTransformMatrix relative {
      0.999916,-0.012947,-0.000001,0.000000,0.006472,0.499958,-0.866026,0.000000,0.011213,0.865955,0.500001,0.000000,10.490951,-2.970424,0.243966,1.000000;;
     }

     ObjectMatrixComment object {
      1.000000,0.000000,-0.000000,0.000000,0.000000,1.000000,0.000000,0.000000,-0.000000,-0.000000,1.000000,0.000000,0.000002,0.000003,0.000006,1.000000;;
     }

     Frame L_Shoulder_Nub {
      

      FrameTransformMatrix relative {
       1.000000,0.000000,0.000000,0.000000,0.000000,1.000000,0.000000,0.000000,-0.000000,-0.000000,1.000000,0.000000,9.041135,0.000002,-0.000005,1.000000;;
      }

      ObjectMatrixComment object {
       1.000000,0.000000,0.000000,0.000000,0.000000,1.000000,0.000000,0.000000,-0.000000,-0.000000,1.000000,0.000000,0.000001,-0.000001,0.000010,1.000000;;
      }
     }
    }
   }
  }
 }
}

Frame GunBody {
 

 FrameTransformMatrix relative {
  -0.446948,0.037999,0.105004,0.000000,0.105746,0.004824,0.448359,0.000000,0.035883,0.459091,-0.013402,0.000000,-3.661409,85.598686,-32.223423,1.000000;;
 }

 ObjectMatrixComment object {
  1.000000,0.000000,0.000000,0.000000,0.000000,1.000000,0.000000,0.000000,0.000000,0.000000,1.000000,0.000000,0.000001,0.000000,0.000001,1.000000;;
 }

 Mesh mesh_GunBody {
  497;
  22.749352;84.355957;-36.769272;,
  22.301573;85.763802;-36.678810;,
  21.530424;87.955788;-36.520519;,
  20.106932;91.443077;-36.222309;,
  -4.438683;93.513863;-30.847670;,
  23.409353;82.471359;-36.904655;,
  -4.992118;85.873749;-30.634939;,
  -5.058780;84.921486;-30.608971;,
  20.682648;91.472206;-33.766472;,
  22.108086;87.983818;-34.065125;,
  22.879879;85.791908;-34.223568;,
  -3.683501;93.549217;-27.629812;,
  23.328152;84.383583;-34.314140;,
  23.989561;82.498543;-34.449852;,
  -4.301873;84.956177;-27.391514;,
  23.811432;81.794174;-36.326374;,
  -4.954857;84.269043;-29.960634;,
  -4.496556;84.289948;-28.017448;,
  24.090029;81.806885;-35.145126;,
  -5.058780;84.921486;-30.608971;,
  -4.992118;85.873749;-30.634939;,
  -4.851576;85.886032;-30.033993;,
  -5.058780;84.921486;-30.608971;,
  -4.380265;85.907639;-28.035593;,
  -4.321972;93.089905;-30.201071;,
  -4.992118;85.873749;-30.634939;,
  -4.992118;85.873749;-30.634939;,
  -4.438683;93.513863;-30.847670;,
  -4.270608;94.067604;-30.328279;,
  -4.992118;85.873749;-30.634939;,
  -3.760749;94.090858;-28.166496;,
  -3.683501;93.549217;-27.629812;,
  -3.683501;93.549217;-27.629812;,
  -3.857637;93.111198;-28.232433;,
  -3.683501;93.549217;-27.629812;,
  -3.683501;93.549217;-27.629812;,
  -3.683501;93.549217;-27.629812;,
  -4.301873;84.956177;-27.391514;,
  -4.496556;84.289948;-28.017448;,
  -3.683501;93.549217;-27.629812;,
  -4.496556;84.289948;-28.017448;,
  -5.058780;84.921486;-30.608971;,
  -4.496556;84.289948;-28.017448;,
  -4.954857;84.269043;-29.960634;,
  -5.058780;84.921486;-30.608971;,
  -4.496556;84.289948;-28.017448;,
  20.023499;92.018143;-35.643833;,
  20.353651;92.033203;-34.243988;,
  -3.760749;94.090858;-28.166496;,
  -3.760749;94.090858;-28.166496;,
  -4.270608;94.067604;-30.328279;,
  20.106932;91.443077;-36.222309;,
  21.530424;87.955788;-36.520519;,
  22.069115;87.145081;-35.725266;,
  22.239649;87.153389;-35.000801;,
  22.108086;87.983818;-34.065125;,
  22.108086;87.983818;-34.065125;,
  20.682648;91.472206;-33.766472;,
  20.106932;91.443077;-36.222309;,
  20.682648;91.472206;-33.766472;,
  20.106932;91.443077;-36.222309;,
  20.682648;91.472206;-33.766472;,
  20.353651;92.033203;-34.243988;,
  20.023499;92.018143;-35.643833;,
  20.106932;91.443077;-36.222309;,
  20.353651;92.033203;-34.243988;,
  -34.381893;86.959167;-21.016464;,
  -34.836765;86.938461;-22.951136;,
  -34.951691;87.683678;-23.708385;,
  -34.249855;95.850349;-23.964382;,
  -34.051308;96.502831;-23.352390;,
  -33.551914;96.525322;-21.236099;,
  -33.450840;95.873619;-20.572994;,
  -34.151009;87.720108;-20.303808;,
  -3.857637;93.111198;-28.232433;,
  -17.165703;94.242699;-25.108027;,
  -17.673069;94.271698;-25.476341;,
  -4.321972;93.089905;-30.201071;,
  -3.857637;93.111198;-28.232433;,
  -17.922955;94.260757;-26.527271;,
  -17.627918;94.221596;-27.081169;,
  -4.321972;93.089905;-30.201071;,
  -17.646305;87.048737;-24.911901;,
  -22.650763;87.481544;-23.729507;,
  -22.660086;87.969055;-23.733088;,
  -4.380265;85.907639;-28.035593;,
  -3.857637;93.111198;-28.232433;,
  -4.380265;85.907639;-28.035593;,
  -17.817873;93.961456;-24.950668;,
  -17.165703;94.242699;-25.108027;,
  -3.857637;93.111198;-28.232433;,
  -17.165703;94.242699;-25.108027;,
  -4.321972;93.089905;-30.201071;,
  -17.627918;94.221596;-27.081169;,
  -18.286695;93.938560;-26.925079;,
  -4.851576;85.886032;-30.033993;,
  -4.321972;93.089905;-30.201071;,
  -23.136795;87.952438;-25.751097;,
  -23.118471;87.456429;-25.753031;,
  -4.851576;85.886032;-30.033993;,
  -4.851576;85.886032;-30.033993;,
  -18.123981;87.026085;-26.921158;,
  -23.117319;87.509277;-24.023312;,
  -23.382418;87.495453;-25.157169;,
  -24.996426;87.354408;-24.778696;,
  -24.740629;87.362877;-23.668959;,
  -18.500893;94.795258;-25.471628;,
  -18.684860;94.787163;-26.242622;,
  -24.097971;88.002823;-23.357557;,
  -18.903015;94.210602;-24.944351;,
  -19.324125;94.203079;-26.753038;,
  -24.592754;87.982101;-25.455360;,
  -26.582886;96.098358;-23.180309;,
  -26.947321;96.082123;-24.713812;,
  -27.575964;87.856110;-24.360203;,
  -27.258945;87.872688;-23.027931;,
  -32.290218;96.418533;-21.530811;,
  -32.786934;96.395370;-23.655897;,
  -26.482407;95.445801;-22.517181;,
  -27.009314;88.816345;-22.318098;,
  -32.891544;87.638115;-20.602798;,
  -32.190613;95.766884;-20.867250;,
  -33.580734;86.832634;-23.245068;,
  -33.125259;86.853172;-21.315350;,
  -27.148771;95.428879;-25.325697;,
  -32.984909;95.742653;-24.267944;,
  -33.693741;87.602036;-24.004063;,
  -27.677143;88.789085;-25.127533;,
  -33.551914;96.525322;-21.236099;,
  -34.051308;96.502831;-23.352390;,
  -33.551914;96.525322;-21.236099;,
  -34.836765;86.938461;-22.951136;,
  -34.381893;86.959167;-21.016464;,
  -34.836765;86.938461;-22.951136;,
  -34.151009;87.720108;-20.303808;,
  -33.450840;95.873619;-20.572994;,
  -33.450840;95.873619;-20.572994;,
  -34.249855;95.850349;-23.964382;,
  -34.951691;87.683678;-23.708385;,
  -34.249855;95.850349;-23.964382;,
  -3.760749;94.090858;-28.166496;,
  20.353651;92.033203;-34.243988;,
  20.353651;92.033203;-34.243988;,
  20.023499;92.018143;-35.643833;,
  -4.270608;94.067604;-30.328279;,
  -4.270608;94.067604;-30.328279;,
  24.090029;81.806885;-35.145126;,
  -4.496556;84.289948;-28.017448;,
  -4.496556;84.289948;-28.017448;,
  -4.954857;84.269043;-29.960634;,
  23.811432;81.794174;-36.326374;,
  23.811432;81.794174;-36.326374;,
  -18.500893;94.795258;-25.471628;,
  -26.582886;96.098358;-23.180309;,
  -18.500893;94.795258;-25.471628;,
  -26.582886;96.098358;-23.180309;,
  -32.290218;96.418533;-21.530811;,
  -26.582886;96.098358;-23.180309;,
  -32.290218;96.418533;-21.530811;,
  -33.450840;95.873619;-20.572994;,
  -33.450840;95.873619;-20.572994;,
  -33.551914;96.525322;-21.236099;,
  -32.290218;96.418533;-21.530811;,
  -18.684860;94.787163;-26.242622;,
  -26.947321;96.082123;-24.713812;,
  -26.947321;96.082123;-24.713812;,
  -26.947321;96.082123;-24.713812;,
  -32.786934;96.395370;-23.655897;,
  -32.786934;96.395370;-23.655897;,
  -32.786934;96.395370;-23.655897;,
  -34.051308;96.502831;-23.352390;,
  -34.051308;96.502831;-23.352390;,
  -34.249855;95.850349;-23.964382;,
  -24.996426;87.354408;-24.778696;,
  -27.575964;87.856110;-24.360203;,
  -24.996426;87.354408;-24.778696;,
  -27.575964;87.856110;-24.360203;,
  -33.580734;86.832634;-23.245068;,
  -27.575964;87.856110;-24.360203;,
  -33.580734;86.832634;-23.245068;,
  -34.951691;87.683678;-23.708385;,
  -34.951691;87.683678;-23.708385;,
  -34.836765;86.938461;-22.951136;,
  -33.580734;86.832634;-23.245068;,
  -24.740629;87.362877;-23.668959;,
  -27.258945;87.872688;-23.027931;,
  -27.258945;87.872688;-23.027931;,
  -27.258945;87.872688;-23.027931;,
  -33.125259;86.853172;-21.315350;,
  -33.125259;86.853172;-21.315350;,
  -33.125259;86.853172;-21.315350;,
  -34.381893;86.959167;-21.016464;,
  -34.381893;86.959167;-21.016464;,
  -34.151009;87.720108;-20.303808;,
  -6.020986;67.614899;-29.561152;,
  -5.545922;67.639160;-27.557268;,
  -2.170211;70.062965;-28.382883;,
  -2.640015;70.061615;-30.382282;,
  -23.117319;87.509277;-24.023312;,
  -23.117319;87.509277;-24.023312;,
  -24.740629;87.362877;-23.668959;,
  -24.740629;87.362877;-23.668959;,
  -23.382418;87.495453;-25.157169;,
  -23.382418;87.495453;-25.157169;,
  -24.996426;87.354408;-24.778696;,
  -23.382418;87.495453;-25.157169;,
  -17.165703;94.242699;-25.108027;,
  -17.673069;94.271698;-25.476341;,
  -18.500893;94.795258;-25.471628;,
  -17.673069;94.271698;-25.476341;,
  -18.500893;94.795258;-25.471628;,
  -17.627918;94.221596;-27.081169;,
  -17.922955;94.260757;-26.527271;,
  -17.922955;94.260757;-26.527271;,
  -18.684860;94.787163;-26.242622;,
  -18.684860;94.787163;-26.242622;,
  -23.118471;87.456429;-25.753031;,
  -23.118471;87.456429;-25.753031;,
  -22.650763;87.481544;-23.729507;,
  -23.118471;87.456429;-25.753031;,
  -22.650763;87.481544;-23.729507;,
  -17.646305;87.048737;-24.911901;,
  -18.123981;87.026085;-26.921158;,
  -23.118471;87.456429;-25.753031;,
  -17.646305;87.048737;-24.911901;,
  -5.340161;84.571793;-27.794222;,
  -5.448159;83.167465;-27.753033;,
  -10.218565;83.576706;-26.628962;,
  -12.526492;83.770813;-26.085037;,
  -16.428684;84.103493;-25.167442;,
  -17.677551;85.955765;-24.891987;,
  -4.380265;85.907639;-28.035593;,
  -4.380265;85.907639;-28.035593;,
  -4.851576;85.886032;-30.033993;,
  -5.811507;84.550209;-29.792826;,
  -5.340161;84.571793;-27.794222;,
  -5.340161;84.571793;-27.794222;,
  -4.380265;85.907639;-28.035593;,
  -4.851576;85.886032;-30.033993;,
  -4.851576;85.886032;-30.033993;,
  -18.155956;85.933182;-26.901072;,
  -10.693766;83.550713;-28.632795;,
  -5.919847;83.141983;-29.751728;,
  -5.811507;84.550209;-29.792826;,
  -13.003147;83.748489;-28.091555;,
  -5.811507;84.550209;-29.792826;,
  -16.906216;84.081039;-27.175245;,
  -5.811507;84.550209;-29.792826;,
  -5.811507;84.550209;-29.792826;,
  -4.851576;85.886032;-30.033993;,
  -5.811507;84.550209;-29.792826;,
  -18.123981;87.026085;-26.921158;,
  -17.646305;87.048737;-24.911901;,
  -17.677551;85.955765;-24.891987;,
  -17.677551;85.955765;-24.891987;,
  -18.155956;85.933182;-26.901072;,
  -18.123981;87.026085;-26.921158;,
  -5.919847;83.141983;-29.751728;,
  -5.448159;83.167465;-27.753033;,
  -5.340161;84.571793;-27.794222;,
  -5.340161;84.571793;-27.794222;,
  -5.811507;84.550209;-29.792826;,
  -5.919847;83.141983;-29.751728;,
  -13.003147;83.748489;-28.091555;,
  -12.526492;83.770813;-26.085037;,
  -10.218565;83.576706;-26.628962;,
  -10.218565;83.576706;-26.628962;,
  -10.693766;83.550713;-28.632795;,
  -13.003147;83.748489;-28.091555;,
  -5.919847;83.141983;-29.751728;,
  -6.119942;82.944504;-29.702129;,
  -5.648253;82.969986;-27.703434;,
  -5.448159;83.167465;-27.753033;,
  -5.919847;83.141983;-29.751728;,
  -6.020986;67.614899;-29.561152;,
  -2.640015;70.061615;-30.382282;,
  -4.141438;72.245392;-30.052795;,
  -7.059273;67.950211;-29.321007;,
  -6.020986;67.614899;-29.561152;,
  -9.966942;73.455872;-28.695038;,
  -10.850763;80.541595;-28.563108;,
  -6.032645;77.635849;-29.665318;,
  -6.119942;82.944504;-29.702129;,
  -6.119942;82.944504;-29.702129;,
  -10.218565;83.576706;-26.628962;,
  -10.392771;80.347443;-26.552849;,
  -10.850763;80.541595;-28.563108;,
  -10.850763;80.541595;-28.563108;,
  -10.693766;83.550713;-28.632795;,
  -10.218565;83.576706;-26.628962;,
